Time,gpu_min_clock,gpu_max_clock,cpu0_max_freq,cpu0_cur_freq,cpu4_max_freq,cpu4_cur_freq,cpu7_max_freq,cpu7_cur_freq,current_now,voltage_now,scaling_devfreq_max,scaling_devfreq_min,cur_freq,
3,
6,
9,
12,
14,
18,
20,
22,
25,
27,
29,
31,
33,
35,
38,
39,
41,
44,
46,
48,
50,
52,
54,
56,
59,
62,
64,
67,
69,
71,
74,
76,
78,
81,
83,
85,
87,
89,
91,
93,
95,
97,
100,
102,
104,
106,
108,
110,
112,
114,
116,
119,
121,
123,
125,
127,
129,
131,
133,
135,
138,
140,
142,
145,
147,
149,
152,
154,
156,
158,
160,
162,
164,
166,
168,
170,
172,
175,
176,
179,
181,
183,
185,
187,
189,
191,
193,
196,
198,
200,
202,
204,
206,
208,
210,
212,
214,
216,
218,
221,
222,
225,
227,
229,
231,
233,
235,
237,
239,
242,
244,
246,
248,
251,
253,
255,
257,
259,
263,
266,
268,
270,
272,
274,
276,
279,
281,
283,
285,
287,
289,
291,
293,
296,
298,
300,
302,
305,
307,
309,
312,
314,
317,
319,
321,
323,
325,
327,
330,
332,
334,
336,
340,
343,
345,
347,
350,
352,
354,
356,
359,
361,
363,
365,
368,
370,
372,
376,
378,
381,
384,
387,
389,
392,
395,
397,
400,
402,
404,
408,
410,
412,
415,
417,
419,
421,
424,
426,
428,
430,
433,
435,
437,
439,
441,
443,
445,
448,
450,
452,
455,
457,
459,
462,
464,
466,
469,
471,
473,
476,
478,
480,
482,
484,
486,
489,
491,
493,
496,
498,
500,
503,
505,
508,
510,
512,
514,
517,
519,
521,
523,
526,
528,
531,
533,
535,
538,
540,
542,
545,
547,
549,
552,
554,
556,
559,
561,
563,
565,
567,
569,
572,
574,
577,
579,
581,
584,
586,
588,
591,
594,
597,
601,
604,
606,
610,
612,
614,
617,
620,
622,
624,
627,
629,
631,
633,
635,
638,
640,
642,
645,
647,
649,
651,
653,
656,
658,
660,
662,
664,
667,
669,
671,
673,
676,
678,
680,
682,
685,
687,
689,
692,
694,
696,
699,
701,
703,
706,
708,
710,
713,
715,
717,
720,
722,
724,
726,
729,
731,
733,
735,
738,
740,
743,
746,
749,
751,
753,
756,
758,
760,
763,
765,
768,
770,
772,
774,
777,
779,
781,
783,
785,
788,
790,
792,
795,
797,
799,
801,
804,
806,
808,
811,
813,
815,
818,
820,
822,
825,
827,
829,
831,
834,
836,
838,
840,
842,
845,
847,
849,
851,
854,
856,
858,
860,
862,
864,
867,
869,
871,
873,
875,
878,
880,
882,
884,
887,
889,
891,
893,
896,
898,
900,
902,
905,
907,
909,
911,
913,
915,
918,
920,
922,
925,
927,
929,
931,
933,
935,
938,
940,
942,
944,
946,
948,
951,
953,
955,
957,
959,
962,
964,
966,
968,
971,
973,
975,
977,
980,
982,
984,
986,
988,
991,
993,
996,
998,
1000,
1002,
1004,
1006,
1009,
1011,
1013,
1015,
1018,
1020,
1022,
1025,
1027,
1029,
1032,
1034,
1036,
1038,
1041,
1043,
1045,
1048,
1050,
1052,
1054,
1057,
1059,
1061,
1064,
1066,
1068,
1070,
1073,
1075,
1077,
1079,
1081,
1083,
1085,
1087,
1089,
1091,
1094,
1096,
1098,
1100,
1102,
1105,
1107,
1109,
1111,
1113,
1115,
1117,
1119,
1121,
1123,
1125,
1126,
1128,
1130,
1132,
1134,
1136,
1138,
1140,
1142,
1144,
1146,
1148,
1150,
1164,
1176,
1182,
1184,
1186,
1188,
1191,
1193,
1195,
1197,
1199,
1202,
1204,
1206,
1209,
1211,
1213,
1215,
1218,
1220,
1223,
1226,
1228,
1230,
1233,
1235,
1238,
1240,
1243,
1245,
1247,
1250,
1252,
1254,
1257,
1259,
1262,
1264,
1267,
1269,
1273,
1276,
1278,
1280,
1283,
1286,
1288,
1291,
1293,
1296,
1298,
1300,
1302,
1305,
1307,
1309,
1312,
1314,
1316,
1318,
1321,
1323,
1325,
1327,
1329,
1332,
1334,
1336,
1338,
1340,
1343,
1345,
1347,
1349,
1351,
1353,
1356,
1358,
1360,
1363,
1364,
1367,
1369,
1372,
1374,
1376,
1378,
1380,
1384,
1387,
1390,
1392,
1394,
1396,
1398,
1400,
1403,
1405,
1407,
1409,
1412,
1414,
1416,
1418,
1420,
1422,
1425,
1426,
1429,
1430,
1433,
1435,
1437,
1439,
1442,
1444,
1446,
1449,
1451,
1453,
1455,
1457,
1459,
1462,
1464,
1466,
1468,
1470,
1472,
1474,
1476,
1479,
1481,
1483,
1485,
1487,
1489,
1492,
1494,
1496,
1498,
1500,
1502,
1504,
1507,
1509,
1511,
1514,
1517,
1519,
1522,
1524,
1526,
1528,
1530,
1533,
1535,
1537,
1539,
1542,
1544,
1546,
1549,
1551,
1553,
1556,
1558,
1560,
1562,
1564,
1567,
1569,
1571,
1573,
1576,
1578,
1580,
1582,
1584,
1587,
1589,
1591,
1593,
1596,
1598,
1601,
1603,
1605,
1607,
1610,
1612,
1614,
1617,
1619,
1621,
1623,
1625,
1627,
1630,
1632,
1634,
1636,
1639,
1641,
1643,
1645,
1647,
1649,
1651,
1653,
1656,
1658,
1660,
1662,
1664,
1666,
1668,
1670,
1672,
1674,
1676,
1678,
1680,
1683,
1685,
1687,
1689,
1691,
1693,
1695,
1697,
1699,
1701,
1703,
1705,
1708,
1710,
1712,
1714,
1716,
1719,
1721,
1722,
1725,
1727,
1729,
1731,
1733,
1735,
1737,
1739,
1741,
1743,
1745,
1747,
1750,
1752,
1754,
1756,
1758,
1760,
1762,
1764,
1766,
1769,
1771,
1773,
1775,
1777,
1779,
1781,
1783,
1785,
1787,
1789,
1791,
1793,
1795,
1797,
1800,
1802,
1804,
1806,
1808,
1810,
1812,
1814,
1817,
1819,
1821,
1823,
1825,
1827,
1829,
1831,
1834,
1835,
1838,
1840,
1842,
1844,
1846,
1848,
1850,
1852,
1854,
1856,
1858,
1860,
1862,
1864,
1866,
1868,
1870,
1872,
1874,
1876,
1878,
1880,
1883,
1885,
1887,
1889,
1891,
1893,
1895,
1897,
1899,
1901,
1903,
1906,
1908,
1910,
1912,
1914,
1916,
1918,
1920,
1922,
1924,
1926,
1928,
1930,
1933,
1935,
1937,
1939,
1941,
1943,
1946,
1948,
1950,
1952,
1954,
1956,
1958,
1960,
1962,
1964,
1966,
1968,
1970,
1972,
1974,
1977,
1978,
1980,
1983,
1985,
1986,
1989,
1995,
2004,
2012,
2018,
2022,
2027,
2029,
2031,
2034,
2036,
2038,
2040,
2043,
2045,
2046,
2049,
2051,
2053,
2055,
2058,
2060,
2062,
2064,
2066,
2068,
2070,
2072,
2075,
2077,
2079,
2081,
2083,
2085,
2087,
2089,
2091,
2093,
2095,
2097,
2100,
2102,
2104,
2106,
2108,
2110,
2112,
2114,
2117,
2119,
2121,
2123,
2125,
2127,
2129,
2131,
2133,
2135,
2137,
2139,
2141,
2144,
2154,
2157,
2160,
2163,
2172,
2177,
2181,
2188,
2194,
2201,
2207,
2211,
2213,
2215,
2217,
2219,
2221,
2224,
2226,
2228,
2230,
2232,
2234,
2236,
2238,
2240,
2242,
2244,
2246,
2249,
2251,
2253,
2255,
2257,
2260,
2262,
2264,
2266,
2268,
2271,
2273,
2275,
2278,
2280,
2282,
2284,
2286,
2288,
2291,
2293,
2295,
2297,
2299,
2301,
2303,
2305,
2307,
2310,
2312,
2313,
2316,
2318,
2319,
2321,
2323,
2326,
2328,
2330,
2331,
2334,
2336,
2338,
2340,
2342,
2345,
2347,
2349,
2351,
2353,
2355,
2357,
2359,
2361,
2363,
2365,
2367,
2369,
2371,
2373,
2375,
2378,
2380,
2383,
2385,
2388,
2390,
2393,
2395,
2397,
2400,
2402,
2404,
2406,
2409,
2411,
2414,
2416,
2418,
2421,
2423,
2425,
2427,
2429,
2431,
2433,
2435,
2437,
2440,
2442,
2444,
2446,
2448,
2450,
2452,
2454,
2456,
2458,
2460,
2462,
2464,
2466,
2468,
2470,
2472,
2475,
2477,
2479,
2481,
2484,
2486,
2488,
2491,
2493,
2495,
2498,
2501,
2503,
2505,
2507,
2513,
2515,
2517,
2520,
2522,
2524,
2526,
2528,
2530,
2532,
2534,
2536,
2538,
2540,
2542,
2544,
2546,
2548,
2550,
2552,
2554,
2556,
2558,
2560,
2562,
2564,
2567,
2569,
2571,
2573,
2575,
2577,
2579,
2581,
2583,
2585,
2587,
2589,
2591,
2593,
2595,
2597,
2599,
2601,
2603,
2605,
2607,
2609,
2611,
2613,
2615,
2618,
2620,
2622,
2624,
2627,
2629,
2631,
2634,
2636,
2638,
2640,
2642,
2644,
2646,
2648,
2650,
2653,
2655,
2657,
2659,
2661,
2662,
2664,
2667,
2669,
2671,
2673,
2675,
2677,
2679,
2681,
2683,
2685,
2687,
2689,
2692,
2694,
2695,
2697,
2700,
2702,
2703,
2705,
2707,
2710,
2712,
2713,
2716,
2718,
2720,
2722,
2724,
2726,
2728,
2730,
2732,
2734,
2736,
2738,
2740,
2742,
2744,
2746,
2748,
2750,
2752,
2754,
2756,
2758,
2760,
2762,
2764,
2767,
2769,
2771,
2773,
2775,
2777,
2779,
2780,
2783,
2785,
2786,
2788,
2790,
2792,
2794,
2796,
2798,
2800,
2802,
2803,
2805,
2808,
2810,
2812,
2814,
2816,
2818,
2820,
2822,
2824,
2826,
2828,
2830,
2833,
2835,
2837,
2839,
2841,
2843,
2845,
2847,
2849,
2851,
2853,
2855,
2857,
2859,
2862,
2864,
2866,
2868,
2870,
2872,
2874,
2876,
2878,
2880,
2882,
2884,
2886,
2888,
2890,
2892,
2894,
2896,
2898,
2900,
2902,
2904,
2906,
2909,
2911,
2912,
2915,
2917,
2919,
2921,
2923,
2925,
2927,
2929,
2930,
2933,
2935,
2937,
2939,
2941,
2943,
2945,
2947,
2949,
2951,
2953,
2955,
2957,
2960,
2961,
2963,
2966,
2968,
2970,
2972,
2974,
2976,
2978,
2981,
2983,
2985,
2987,
2989,
2991,
2993,
2995,
2997,
2999,
3001,
3003,
3005,
3008,
3010,
3012,
3014,
3017,
3019,
3021,
3023,
3025,
3027,
3029,
3032,
3034,
3036,
3038,
3040,
3042,
3044,
3046,
3048,
3050,
3052,
3054,
3057,
3059,
3061,
3063,
3065,
3068,
3070,
3072,
3074,
3076,
3079,
3081,
3083,
3085,
3087,
3089,
3091,
3093,
3095,
3097,
3100,
3102,
3103,
3105,
3107,
3110,
3112,
3113,
3116,
3118,
3120,
3122,
3124,
3126,
3128,
3130,
3132,
3134,
3136,
3138,
3141,
3143,
3145,
3147,
3149,
3151,
3153,
3155,
3157,
3159,
3161,
3163,
3165,
3167,
3169,
3171,
3173,
3175,
3177,
3179,
3181,
3184,
3186,
3188,
3190,
3192,
3194,
3196,
3198,
3200,
3202,
3204,
3206,
3208,
3211,
3213,
3215,
3218,
3219,
3221,
3223,
3226,
3228,
3229,
3232,
3234,
3236,
3238,
3240,
3243,
3245,
3246,
3248,
3251,
3253,
3255,
3257,
3259,
3261,
3263,
3265,
3268,
3270,
3272,
3274,
3276,
3278,
3280,
3283,
3285,
3287,
3289,
3291,
3293,
3295,
3297,
3300,
3302,
3303,
3305,
3308,
3310,
3312,
3314,
3316,
3318,
3321,
3322,
3325,
3327,
3328,
3330,
3333,
3335,
3336,
3338,
3341,
3343,
3345,
3346,
3348,
3351,
3353,
3355,
3357,
3359,
3361,
3363,
3365,
3367,
3369,
3371,
3373,
3375,
3377,
3379,
3381,
3384,
3386,
3388,
3390,
3392,
3394,
3396,
3398,
3400,
3402,
3405,
3407,
3409,
3411,
3413,
3415,
3417,
3419,
3421,
3423,
3426,
3428,
3430,
3432,
3435,
3437,
3439,
3441,
3444,
3445,
3447,
3450,
3452,
3454,
3456,
3459,
3461,
3463,
3465,
3467,
3470,
3472,
3474,
3476,
3478,
3480,
3483,
3485,
3486,
3489,
3491,
3493,
3496,
3498,
3500,
3502,
3504,
3506,
3508,
3510,
3512,
3514,
3516,
3518,
3520,
3522,
3525,
3527,
3529,
3531,
3533,
3535,
3537,
3539,
3541,
3543,
3545,
3547,
3549,
3551,
3553,
3555,
3557,
3559,
3561,
3563,
3566,
3568,
3570,
3572,
3574,
3576,
3578,
3580,
3582,
3584,
3586,
3588,
3590,
3592,
3594,
3596,
3598,
3600,
3602,
3604,
3606,
3609,
3611,
3613,
3615,
3618,
3620,
3621,
3624,
3626,
3628,
3635,
3637,
3639,
3641,
3643,
3645,
3647,
3649,
3651,
3653,
3655,
3657,
3659,
3661,
3663,
3665,
3667,
3669,
3671,
3673,
3675,
3678,
3679,
3681,
3684,
3686,
3688,
3691,
3693,
3694,
3697,
3699,
3701,
3703,
3705,
3707,
3710,
3712,
3714,
3717,
3719,
3721,
3723,
3726,
3728,
3729,
3731,
3734,
3736,
3737,
3739,
3742,
3744,
3747,
3751,
3755,
3761,
3769,
3774,
3778,
3782,
3787,
3791,
3795,
3800,
3807,
3815,
3822,
3829,
3838,
3845,
3851,
3856,
3861,
3867,
3875,
3880,
3885,
3894,
3899,
3908,
3916,
3924,
3935,
3937,
3940,
3942,
3944,
3946,
3948,
3950,
3952,
3954,
3956,
3958,
3960,
3962,
3964,
3966,
3968,
3970,
3971,
3973,
3975,
3977,
3979,
3981,
3983,
3986,
3989,
3991,
3993,
3995,
3997,
3999,
4001,
4003,
4004,
4006,
4008,
4010,
4012,
4014,
4016,
4018,
4020,
4021,
4023,
4025,
4027,
4029,
4031,
4033,
4036,
4039,
4042,
4044,
4045,
4047,
4049,
4051,
4053,
4055,
4057,
4059,
4061,
4062,
4064,
4066,
4068,
4070,
4072,
4073,
4075,
4077,
4079,
4081,
4083,
4085,
4087,
4089,
4091,
4093,
4096,
4098,
4101,
4103,
4107,
4109,
4111,
4113,
4115,
4117,
4119,
4121,
4123,
4125,
4126,
4128,
4130,
4132,
4134,
4136,
4138,
4140,
4142,
4145,
4149,
4151,
4154,
4157,
4159,
4161,
4163,
4164,
4166,
4168,
4170,
4172,
4174,
4176,
4178,
4179,
4181,
4183,
4185,
4187,
4189,
4191,
4193,
4195,
4197,
4198,
4200,
4202,
4204,
4206,
4208,
4210,
4212,
4214,
4215,
4217,
4219,
4221,
4223,
4225,
4227,
4229,
4232,
4235,
4237,
4241,
4244,
4247,
4251,
4253,
4254,
4256,
4258,
4260,
4262,
4264,
4266,
4268,
4270,
4272,
4274,
4276,
4278,
4279,
4281,
4283,
4285,
4287,
4289,
4291,
4293,
4295,
4296,
4299,
4301,
4302,
4304,
4306,
4308,
4310,
4312,
4314,
4316,
4319,
4321,
4324,
4326,
4329,
4331,
4333,
4335,
4337,
4339,
4341,
4343,
4345,
4347,
4349,
4351,
4352,
4354,
4356,
4358,
4360,
4362,
4364,
4366,
4368,
4370,
4371,
4373,
4375,
4377,
4379,
4381,
4383,
4385,
4387,
4388,
4390,
4392,
4394,
4396,
4398,
4400,
4402,
4404,
4406,
4408,
4410,
4411,
4414,
4416,
4418,
4420,
4422,
4424,
4426,
4428,
4430,
4432,
4433,
4435,
4437,
4439,
4441,
4443,
4445,
4447,
4449,
4451,
4452,
4454,
4456,
4458,
4460,
4462,
4464,
4466,
4468,
4470,
4472,
4474,
4476,
4478,
4480,
4483,
4485,
4486,
4488,
4490,
4493,
4495,
4496,
4499,
4501,
4503,
4505,
4508,
4510,
4512,
4515,
4519,
4521,
4523,
4527,
4530,
4533,
4535,
4537,
4539,
4542,
4544,
